.Random.seed <-
c(10403L, 79L, -804047143L, -308270488L, 448609174L, -1191731439L, 
1151387843L, 1842125010L, 1602198884L, -1923604313L, 1689105917L, 
-733157388L, 1642164442L, -439352795L, 245079871L, 958885062L, 
-1512332976L, -399445645L, 591395729L, 1845833152L, -1472731234L, 
-1257293463L, 1692293531L, -834523990L, 290290380L, -1602649201L, 
-1254656059L, 1660091260L, 268616658L, -903277747L, -497135097L, 
-1243123218L, -565146424L, -1720482869L, -224688599L, -293516168L, 
-1788458586L, -52827199L, -684677037L, 188661506L, -1956500940L, 
1501577143L, 374652845L, 1217223876L, 739774698L, -1690040491L, 
-1655072529L, -1176547594L, -311789024L, -787157021L, -1407089535L, 
1267880688L, 59439502L, 2088802041L, -929667957L, 1286606010L, 
-1350613060L, 1041265919L, 427612245L, 731999084L, 1869874114L, 
526730269L, 1013101719L, -1938865666L, 1211318712L, -780382821L, 
1390220281L, -862135480L, 1925658230L, -1631932495L, 284414435L, 
1060329138L, 93350660L, -834987961L, 775261981L, 1134597524L, 
1313257786L, -1885674107L, -626971041L, -1284998938L, 747420528L, 
-1825088365L, -1756903119L, 856297440L, 390722686L, -904808695L, 
79591739L, 1454152970L, -1145645844L, -847003281L, 128386725L, 
796809308L, -121343950L, 1834166061L, 2013046247L, -365815538L, 
1387724520L, 1340477675L, 1791857033L, 1406865688L, -545872826L, 
-2081215327L, 156742451L, 34314914L, 1197371796L, 1914814487L, 
542513165L, -1756672732L, -703039222L, -1843113867L, 1839512527L, 
1778805974L, 558537856L, 480740035L, -963187615L, -2083074864L, 
-899359186L, 1638047705L, 1661878251L, -1968908710L, -1153830884L, 
1621167391L, -294195851L, 114154508L, -1657291294L, -882901315L, 
-792422089L, -710853154L, -2081582312L, 336992891L, 802084889L, 
33591464L, 165925462L, 350510801L, 2052927107L, -847026926L, 
727896228L, 1047957607L, -1781571139L, -928863436L, -88596326L, 
1560831717L, -438726529L, 2069973510L, 40236432L, -1973811149L, 
92235729L, 1219161472L, -2024071074L, -1675145303L, -532949413L, 
-1954616726L, -667101428L, -1079991985L, -23414267L, -1542207300L, 
1589535122L, -108234099L, 1875503303L, 2141511086L, 1067517960L, 
-1709958133L, 1704655081L, 1630541752L, -386502554L, 767115521L, 
2034210707L, -2143885246L, 2144452596L, -282912265L, 1367264749L, 
1517919876L, 1806975146L, 1117916693L, -192499025L, 2033240246L, 
1559267040L, 2055469603L, -1991137983L, -823502800L, 1353646670L, 
-1728600391L, -562847029L, 1210241914L, 1827897980L, 574305983L, 
-1417724011L, 291207084L, 365561218L, -2039993507L, -1985927593L, 
-936839874L, 598762872L, 1809323611L, 981819833L, 868393992L, 
-802136394L, -1853944335L, -698923997L, -1801888654L, -70811964L, 
1880725639L, -627245987L, 497214036L, 1963440250L, -208200763L, 
-1172558561L, -2055734106L, -1494274512L, 1080513747L, 1516854001L, 
-1520825824L, 197487806L, 1059846345L, 1439607419L, -1776902070L, 
521384108L, 791586735L, 1421841253L, -1659139812L, -1319243406L, 
1185468909L, 1255355943L, -223857074L, 1106107048L, 790083755L, 
-1511833143L, -73232936L, 346037382L, -1871409470L, 2066372136L, 
1182551724L, 786955964L, 777372146L, -1809518288L, 1194068132L, 
454638264L, 46643034L, 719965584L, 276471164L, 776734996L, 1678738754L, 
-666807552L, -113392708L, 1264022352L, 10542370L, -183400120L, 
-638854132L, 2079560796L, 1429538002L, 1563816960L, 1502046036L, 
327375336L, -344710150L, -2138381616L, 725929260L, 133907700L, 
-1708371054L, 1377506400L, -261752564L, 771060448L, -995934878L, 
1068644008L, -27959732L, 1843024764L, -1617584334L, -716682640L, 
-466144956L, -1804392488L, 731067514L, -146929104L, 424351420L, 
1936246612L, -1181632958L, 764336032L, -1939749700L, 1169019344L, 
-428052126L, -1710780440L, 1373729740L, -437438724L, -1959627790L, 
-2102899584L, -1429387020L, -826531704L, 1143796026L, -971830448L, 
678187116L, -133878636L, 1495962962L, 1935211232L, 400948428L, 
1820091552L, 1984251266L, 893916392L, 1884038380L, 744204348L, 
792374386L, -1418654608L, 1500385828L, 1245591096L, 1034101274L, 
-640627504L, 1527631420L, 1340983444L, -559778686L, 390673344L, 
888097084L, 127733392L, -2070506462L, -1216954360L, 1757332620L, 
1685683228L, 2129170578L, -2068079488L, -838792172L, 666773288L, 
1242796090L, -845719344L, -1564114836L, -1451501900L, 1083702290L, 
1564988384L, 1096164300L, -444511776L, 1671370786L, -1156362968L, 
-1895579380L, 1401635388L, 1639606514L, -312349456L, 283500356L, 
-590152616L, 125140538L, 126048496L, -358005060L, 315531796L, 
401941698L, -999040416L, 1871733116L, -2020598576L, -162287582L, 
891499688L, -1722814068L, -2113375812L, 847375410L, 1651232576L, 
-780236108L, -1900643000L, -271944006L, -1945883888L, -1223075604L, 
476736596L, -1289538798L, 585477536L, -757970996L, -270623904L, 
670928066L, -632475096L, 1367203244L, -1062169796L, 1489207154L, 
6950704L, 1620732964L, -750824904L, -2005477670L, 1657078672L, 
-1777843972L, -628586092L, -630756542L, -611864064L, 70849596L, 
1657850448L, 2105185442L, -1942907064L, -35084788L, 550061788L, 
-354353070L, 1985118336L, -1292885164L, 1145582568L, -1892777222L, 
271511376L, 1567969324L, 1820307828L, 1241578130L, -320171424L, 
729721996L, 1978260832L, 245121250L, -67352408L, -599301428L, 
-153524740L, 1750693810L, 1373274096L, 602938820L, 1752234328L, 
333147514L, -351179344L, 1472240060L, -1442362796L, -1496195646L, 
-1339966688L, 707075004L, -52173744L, -284260382L, 645327720L, 
731068236L, 1930861308L, -1280290062L, -1736892160L, 407356532L, 
-1698563576L, -1869065798L, -280405552L, 1556665324L, 771217300L, 
-1212500782L, 606752864L, 1914448204L, -2116350176L, 1528681090L, 
-245984792L, -999672852L, 421961276L, -1987788174L, 1293174640L, 
-614129372L, -1445720520L, -575677030L, -86346288L, 1814892988L, 
286304916L, -1942301054L, 1340357056L, -1461838020L, -729676144L, 
1156952866L, 420171272L, 1689540364L, -1622827108L, 303663122L, 
1500574592L, 612032276L, -336275160L, 1880991802L, 1247766480L, 
-2091113876L, -370346956L, 959978642L, 1150412128L, 1903956300L, 
-1579036192L, -1537865822L, 2072899496L, 1776696460L, 162403359L, 
89789097L, -392784322L, 1224805164L, -727218819L, -695546937L, 
-1486980432L, 1592060110L, -643268101L, 1607488093L, -444772982L, 
1578603944L, -1073136879L, -1312155133L, 7662852L, 212461874L, 
-1229785209L, -1716394543L, 242276182L, 1403774260L, -1312773051L, 
184898703L, -1658256888L, 527924774L, 1596704467L, -725010379L, 
-183199854L, 1468491616L, 670032585L, 1429431803L, 330273228L, 
1725257818L, 1745626447L, 477834265L, 1582019118L, 461451324L, 
1223005613L, -1490377129L, 1986238368L, -932612866L, -1729624117L, 
-391818803L, -816700166L, 69740344L, 173815009L, 1484298131L, 
584027060L, 238911682L, 414454999L, -1347665631L, -1976301338L, 
-1090486812L, 903321877L, -495529665L, 230948056L, -256248586L, 
-1747464445L, -199055291L, -1418180510L, -1101889584L, -1773271815L, 
1625738795L, -1574643300L, 1139337674L, -574592321L, 958536713L, 
-1250353890L, 707789004L, -225942371L, -1830012633L, -745110704L, 
9575918L, -1857721701L, -1836516099L, -1036475414L, 1025586312L, 
346393137L, 1340144803L, -2097028956L, 290410834L, 1217113255L, 
-1242330895L, -471900106L, 1290436820L, -654330779L, -29118865L, 
290214056L, 1490877958L, -213508301L, -346563691L, 1775611890L, 
-1267430336L, -1103006295L, 1912953883L, -1849255444L, -674364934L, 
-1562925521L, -1043578311L, 1366858830L, 453543068L, -242289139L, 
-1932985737L, -385906048L, -1978818338L, -1687671893L, 335496365L, 
1653709082L, 2049265112L, -518654399L, -2013123341L, -2117977324L, 
-606020958L, 1771025335L, 1302065025L, 706139526L, -1632569404L, 
-1903781131L, 581087071L, 1932833208L, -1350481770L, 705867427L, 
-587706267L, 1241064834L, 167401200L, 943114905L, 1701064331L, 
1381027708L, -551370326L, -1685075489L, -1376182423L, -1499404418L, 
-474009748L, -1649273923L, 1505263751L, -684540816L, -1998538994L, 
123350075L, 2144740125L, 1854261706L, -822005016L, 975418833L, 
-375584829L, -1387212604L, 1204244338L, -825724345L, -807202287L, 
559111062L, 403681012L, 181420165L, 1120708047L, 607088840L, 
